100021484053156
100003529420012
100005960684193
100000174152226
100009058641208
100000231405648
621289274
100007597008044
100005252354666
100011420081341
100002802894717
100017364887882
100004152873247
100024268157880
100010089368113
100003184650290
100003244271689
100000034751777
100008052875711
100024196562536
100015134778268
100003303904142
100024107767037
100008401509587
100007699276240
100010295764573
100005427399813
100005310967548
100004090039015
100002423467389
100010240422806
100004791966103
100004277804615
100003698797633
100000412986660
100000122405956
100008684775469
100001625175953
100000163145231
100020309411996
100003773908963
100001319797046
100000190540638
100007755132316
100002528777519
100004107336025
100010195359036
100004050828706
100003488160234
100007103642949
781959432
100008205483118
100007778648898
100002365269305
100006165559194
100007409348834
100002571723865
100016853413890
100005517998332
100006775890427
100014903476449
100003035778258
100015437260012
100011370445352
100001312371677
100012362739858
100012999131162
100007470364484
100006741434469
100010742118923
100011322212833
100001787404120
1510986504
735602097
100015197624025
1395743517
100000050092475
100014354014670
1219626379
100000611256825
645788292
100006526892942
100001568110730
100005563269359
100004666928040
100014986060103
100000652194363
100003526528908
100007436172816
100007417177547
100014929033972
100011441959509
100000181872539
100012254652183
100013625956567
100014293501773
100013260619183
100009449198413
100001634991531
100005515330142
100000091680756
100014395965488
100001803788573
100014121796238
100000671820435
100009401391539
100000902785369
100004410611683
100004737161820
716252670
100005146921686
1481439864
100013544948285
100013030180164
100005992395654
100002185954288
100003971419662
100013131336158
1080793091
100007807509937
100002461963082
100002528476798
1390611009
100010099457154
100013712110454
100004071151401
100003894436684
564455024
100011927568667
1448891892
100003814537092
100011914214082
100013424227691
100002444820258
100000695134339
100003141606587
100005445857815
100005472065678
1183702930
100008391095915
100002383733981
100003949015741
100001816067861
100008743663971
100000611605672
100013650152224
709539325
100004471860961
758904515
100004242630111
100010228745448
100004117053259
100010825900631
100000391320945
659588780
100006489036547
100000970747551
100008105019275
100013224393996
100000910071650
100001875421265
100000918011430
1782568391
100000436900749
1798563958
100011582492062
100013024207886
100004092941592
100012984306369
100004634373672
100012815358929
100006206951167
100004528777906
100000738919915
100005571727345
100013224726025
100005576130304
501149961
100003203912381
100002996966532
100001713443377
100000058297575
100001459064713
1145981863
100010652352597
100006158593831
100003759415869
1673230011
100000860197660
100000511976219
100005246928382
100000661533000
100000313412488
1030743801
1021463091
100012421532078
100001187549244
1528613988
100009312027512
100002770609988
100009304305425
1517236064
100000762766766
100001716915766
100000554480970
100000470253344
100001549962802
100001232538664
100002928178923
100001189070323
100000038503455
1604610382
100001118969037
1526532429
100003004650318
100006041051924
100000350329178
100003823064163
1526891505
100011881717065
100009078258887
100001320917806
100002978382085
100002389132504
100002045296299
100010725340442
100010339785875
100009452218623
100009115252977
100007671467516
100002560416887
100001729505640
100001497981184
100000479626124
1556996343
100007656648351
100005090342377
100004223143775
100004153651315
100003981023603
100006940870695
100005092574348
100004276812099
100002741432038
100007634774110
100006308831704
100006308463255
100004237721910
100003268087686
100002548238053
100001755040463
100001313366452
100005057078544
100003169094265
100002379173939
100003289705571
100004187318931
100003073130590
100000313038879
100000122227229
1658259560
100000133124332
100000457277306
100004897830327
100005247010913
100001613853961
100003027760234
100004918561285
100006462686731
100001041086752
100007920271486
100005982794482
100001614971468
100001046623866
100009765018990
100005585828421
100000097065100
100003082436205
100000161275958
100001593441150
100000279021696
100003895808767
100001393849508
100002328604751
100003035358036
100002935096157
100001368816529
100003155022964
100008060050144
100000139300132
100003170441805
100001628010130
100000280323236
100010382988882
100010762350762
100002857537035
100011294806486
100011310494766
100011319582935
100002416514459
100010216458701
100001369677304
100006252248606
100002951440233
100006522698940
100009765434507
100011308177554
100011227635716
100005340122819
100000844770293
100009874599755
1845237953
100005052005074
100007527947710
100000167310970
100004999271999
1661930338
100000142879461
100002305670603
100000069083330
100000322230583
100001909203137
100008934481580
100006559811628
100000027718426
100002492423973
100003765743243
100010730074730
100005387205413
100003769766042
100000689304482
100000311522403
100006653163052
100006900403365
100001891455106
100010298321493
100010424280062
100010009873113
100010707545155
100010255562097
100010240035913
100006648526335
100011266207015
100007987594779
100002589463889
100007021413624
100010095707079
100004255783628
100010717989858
100003182481225
100001065808576